Distancias  A                                                  
B  184  B                                                
C  6617  5921  C                                              
D  788  603  6195  D                                            
E  4828  4544  3369  4553  E                                        
F  11646  9803  11740  11550  13810  F                                        
G  4001  4905  4371  4705  1589  14854  G                                      
H  18983  15384  11516  16384  11036  16348  12711  H                                    
I  4346  4291  12015  4891  8478  10041  7074  17953  I                                  
J  7950  8325  11243  7233  13048  6291  11482  21589  4879  J                               
K  10585  11492  18223  12396  15907  11482  11454  18198  6459  6527  K                     
L  7674  8001  5454  8160  3661  18556  4532  10083  11675  17868  16314  L                  
M  2206  2491  8857  3047  6090  9520  5469  21124  2348  6220  9108  10329  M               
N  21107  20164  15711  17821  22054  8760  20073  9401  18632  11593  12172  18057  17268  N                        
O  12553  12994  21985  13389  15512  12223  16891  12556  11143  8979  3981  17318  13294  8938  O                      
P  2456  2897  9017  2740  7955  8262  6371  19729  2772  5210  8896  10309  2224  14930  12099  P                    
Q  14682  15470  10117  13975  9350  16682  10278  2466  19648  22530  16355  6957  15488  11127  12356  16686  Q                  
R  3584  3492  11106  3855  8160  9854  7283  20328  1545  3762  8070  12252  2158  14624  11849  1294  17208  R                
S  5780  6422  12447  6886  8723  11182  7549  19737  1578  5467  4824  12994  3521  15918  9175  4269  16305  3799  S              
T  3459  3152  8389  3489  8925  7967  7227  23410  2274  3704  8415  10537  2212  17924  11858  768  17105  639  4363  T            
U  13719  14345  9061  11486  12698  7429  12263  9079  17422  12255  15777  12255  13998  7894  15900  11664  10834  15293  16324  13698  U          
V  20994  23249  17433  20040  16922  11524  17372  5796  21017  14139  14104  13416  19291  3152  8455  20794  8661  19288  16976  17403  8129  V        
W  19686  23616  16661  20463  16880  10812  19942  5410  19620  15142  12423  12987  24615  3016  10320  22570  8222  20727  20094  20417  8384  588  W      
X  9993  9086  10171  10271  12443  2441  13478  13437  11547  7498  13281  16540  11337  8849  13152  8165  14771  8735  13769  8117  5204  13125  11072  X    
Y  8165  7499  10870  9027  8215  14320  6671  15858  5231  9250  5625  8823  6297  16126  9184  8558  14236  7055  4279  7726  21235  15902  14913  15059  Y  
Z  19242  23784  14550  19997  17326  13344  17602  4779  20053  18782  13170  12449  22365  4407  11141  21871  6053  23189  20872  23229  8297  1419  978  13464  15073  Z